# step, loss_train, loss_test, metrics_test
0.000000000000000000e+00 1.410021820068359375e+02 1.201601140201091766e-02 8.272072076797485352e-01 1.156348828226327896e-02 2.176879532635211945e-02 1.659507751464843750e-01 1.410021820068359375e+02 1.201601140201091766e-02 8.272072076797485352e-01 1.156348828226327896e-02 2.176879532635211945e-02 1.659507751464843750e-01
1.000000000000000000e+03 1.936803013086318970e-02 5.876682233065366745e-03 1.974029690027236938e-01 2.433101413771510124e-03 2.675195573829114437e-04 1.440535392612218857e-02 1.936803013086318970e-02 5.876682233065366745e-03 1.974029690027236938e-01 2.433101413771510124e-03 2.675195573829114437e-04 1.440535392612218857e-02
2.000000000000000000e+03 4.068243317306041718e-03 3.645973745733499527e-03 1.840048283338546753e-01 1.492787734605371952e-03 1.170902614830993116e-04 9.061101824045181274e-03 4.068243317306041718e-03 3.645973745733499527e-03 1.840048283338546753e-01 1.492787734605371952e-03 1.170902614830993116e-04 9.061101824045181274e-03
3.000000000000000000e+03 1.856939867138862610e-02 8.083363063633441925e-04 1.363147646188735962e-01 1.188711539725773036e-04 3.124160284642130136e-04 5.026874598115682602e-03 1.856939867138862610e-02 8.083363063633441925e-04 1.363147646188735962e-01 1.188711539725773036e-04 3.124160284642130136e-04 5.026874598115682602e-03
4.000000000000000000e+03 9.304459206759929657e-03 3.359322145115584135e-04 7.173432409763336182e-02 5.154284735908731818e-05 1.747658097883686423e-04 3.126946976408362389e-03 9.304459206759929657e-03 3.359322145115584135e-04 7.173432409763336182e-02 5.154284735908731818e-05 1.747658097883686423e-04 3.126946976408362389e-03
5.000000000000000000e+03 8.176179602742195129e-03 1.516743213869631290e-04 5.130803957581520081e-02 6.052472235751338303e-05 1.622736162971705198e-04 1.821165205910801888e-03 8.176179602742195129e-03 1.516743213869631290e-04 5.130803957581520081e-02 6.052472235751338303e-05 1.622736162971705198e-04 1.821165205910801888e-03
6.000000000000000000e+03 5.208544898778200150e-03 3.252901660744100809e-05 4.031977802515029907e-02 5.086999590275809169e-05 5.597230483544990420e-05 1.675570150837302208e-03 5.208544898778200150e-03 3.252901660744100809e-05 4.031977802515029907e-02 5.086999590275809169e-05 5.597230483544990420e-05 1.675570150837302208e-03
7.000000000000000000e+03 1.211171876639127731e-02 2.568907802924513817e-05 4.690782129764556885e-01 1.065645832568407059e-03 1.632121391594409943e-03 6.153245270252227783e-02 1.211171876639127731e-02 2.568907802924513817e-05 4.690782129764556885e-01 1.065645832568407059e-03 1.632121391594409943e-03 6.153245270252227783e-02
8.000000000000000000e+03 1.166560314595699310e-02 1.265683531528338790e-04 1.737133413553237915e-01 4.418509546667337418e-03 7.256763055920600891e-03 1.886615902185440063e-02 1.166560314595699310e-02 1.265683531528338790e-04 1.737133413553237915e-01 4.418509546667337418e-03 7.256763055920600891e-03 1.886615902185440063e-02
9.000000000000000000e+03 4.526553209871053696e-03 1.810052344808354974e-04 1.375018358230590820e-01 4.509118851274251938e-03 6.374331656843423843e-03 9.056158363819122314e-03 4.526553209871053696e-03 1.810052344808354974e-04 1.375018358230590820e-01 4.509118851274251938e-03 6.374331656843423843e-03 9.056158363819122314e-03
1.000000000000000000e+04 2.855936530977487564e-03 1.650001504458487034e-04 1.219897866249084473e-01 2.330600516870617867e-03 3.466417081654071808e-03 6.214554887264966965e-03 2.855936530977487564e-03 1.650001504458487034e-04 1.219897866249084473e-01 2.330600516870617867e-03 3.466417081654071808e-03 6.214554887264966965e-03
1.000000000000000000e+04 2.871169475838541985e-03 1.650001504458487034e-04 1.219897866249084473e-01 2.330600516870617867e-03 3.466417081654071808e-03 6.214554887264966965e-03 2.855936530977487564e-03 1.650001504458487034e-04 1.219897866249084473e-01 2.330600516870617867e-03 3.466417081654071808e-03 6.214554887264966965e-03
1.010000000000000000e+04 8.887275122106075287e-03 3.746561196749098599e-05 2.056001126766204834e-01 1.098616048693656921e-03 4.662789287976920605e-04 2.074773982167243958e-02 8.877280168235301971e-03 3.746561196749098599e-05 2.056001126766204834e-01 1.098616048693656921e-03 4.662789287976920605e-04 2.074773982167243958e-02
1.010000000000000000e+04 8.887274889275431633e-04 3.746561196749098599e-05 2.056001126766204834e-01 1.098616048693656921e-03 4.662789287976920605e-04 2.074773889034986496e-03 8.877280051819980145e-04 3.746561196749098599e-05 2.056001126766204834e-01 1.098616048693656921e-03 4.662789287976920605e-04 2.074773889034986496e-03
1.292400000000000000e+04 3.374719235580414534e-04 7.536227931268513203e-04 1.213229144923388958e-03 5.378013156587257981e-06 1.755524863256141543e-06 8.232406689785420895e-04 3.374770458322018385e-04 7.536227931268513203e-04 1.213229144923388958e-03 5.378013156587257981e-06 1.755524863256141543e-06 8.232406689785420895e-04
1.292400000000000000e+04 3.547228407114744186e-03 7.536227931268513203e-04 1.213229144923388958e-03 5.378013156587257981e-06 1.755524863256141543e-06 8.232406340539455414e-03 3.374770516529679298e-03 7.536227931268513203e-04 1.213229144923388958e-03 5.378013156587257981e-06 1.755524863256141543e-06 8.232406340539455414e-03
1.300000000000000000e+04 1.768963783979415894e-01 4.908260507363593206e-06 4.350024163722991943e-01 7.358730272244429216e-06 4.856415216636378318e-06 1.336454391479492188e+00 1.768542677164077759e-01 4.908260507363593206e-06 4.350024163722991943e-01 7.358730272244429216e-06 4.856415216636378318e-06 1.336454391479492188e+00
1.302400000000000000e+04 1.042812615633010864e-01 4.792921572516206652e-06 5.729249119758605957e-01 8.270138096122536808e-06 5.714727649319684133e-06 7.282468676567077637e-01 1.042746454477310181e-01 4.792921572516206652e-06 5.729249119758605957e-01 8.270138096122536808e-06 5.714727649319684133e-06 7.282468676567077637e-01
1.302400000000000000e+04 1.042812597006559372e-02 4.792921572516206652e-06 5.729249119758605957e-01 8.270138096122536808e-06 5.714727649319684133e-06 7.282468676567077637e-02 1.042746473103761673e-02 4.792921572516206652e-06 5.729249119758605957e-01 8.270138096122536808e-06 5.714727649319684133e-06 7.282468676567077637e-02
1.815700000000000000e+04 1.797272416297346354e-04 8.513935608789324760e-04 1.081664231605827808e-03 7.640076546522323042e-06 6.985291065575438552e-07 8.285369258373975754e-04 1.766894856700673699e-04 8.513935608789324760e-04 1.081664231605827808e-03 7.640076546522323042e-06 6.985291065575438552e-07 8.285369258373975754e-04
